   1
 CESIUM RELEASE FROM SPHERICAL FUEL ELEMENT                                 
 DURING NORMAL OPERATION AND CORE HEATUP ACCIDENT                                
             

121098240. 121746240.
 3.6E+4 3.6E+2     
 3.6E+5 3.6E+3          
 200                                       0       1   1   1
   1   1
   0  01   0   0
 2.5       3.0
   9  20
  16350.0    1401.6               180.     3.0
  250.E-4  345.E-4  385.E-4  420.E-4 460.0E-4
   5.E-4
  39  39  39  39  39
   5
  1.0E-10 1.0E-07  1.0E-03  1.0E-04  1.0E-06  1.0E-06
  3.6E-00  189.E+03
  1.0E+00    0.
  0.E-05  1.E-08  6.3E-04   0.       6.3E-04
    0.E+03    0.     222.E+03    0.E+03  222.E+03
  0.0E-04  0.0E-04  0.0E-04
 21.94     -44093.    1.13            -1
 22.11     -44543.   -1.3689    3683.
  0.          0.    
